R=500  K=20  area_points=1600  ESS_threshold=0.75
N k algorithm success collapse mean_true_paired mean_PF bias abs_bias paired_MCSE
100 1 A3_local 296 204 0.963729 2.175260 1.211531 1.211531 0.133053
100 2 A3_local 296 204 1.048048 2.187513 1.139465 1.139465 0.147477
100 3 A3_local 296 204 0.853327 1.679070 0.825744 0.825744 0.081143
100 4 A3_local 296 204 1.056315 2.104813 1.048498 1.048498 0.102473
100 5 A3_local 296 204 1.142436 2.343504 1.201068 1.201068 0.143972
100 6 A3_local 296 204 1.015579 2.194486 1.178907 1.178907 0.126878
100 7 A3_local 296 204 1.034811 2.057365 1.022554 1.022554 0.085082
100 8 A3_local 296 204 1.116731 2.258525 1.141794 1.141794 0.093948
100 9 A3_local 296 204 0.907326 1.828301 0.920976 0.920976 0.077636
100 10 A3_local 296 204 0.975975 1.966470 0.990495 0.990495 0.085420
100 11 A3_local 296 204 1.074475 2.263776 1.189300 1.189300 0.101830
100 12 A3_local 296 204 1.152547 2.395555 1.243008 1.243008 0.124936
100 13 A3_local 296 204 1.009140 2.013290 1.004149 1.004149 0.082489
100 14 A3_local 296 204 0.949073 1.831826 0.882752 0.882752 0.070543
100 15 A3_local 296 204 1.018077 2.067643 1.049567 1.049567 0.093706
100 16 A3_local 296 204 1.071896 2.114189 1.042294 1.042294 0.083871
100 17 A3_local 296 204 1.086206 2.133923 1.047718 1.047718 0.083355
100 18 A3_local 296 204 0.991479 1.893999 0.902520 0.902520 0.072773
100 19 A3_local 296 204 0.989433 1.970974 0.981542 0.981542 0.080592
100 20 A3_local 296 204 1.023434 1.974439 0.951005 0.951005 0.074011
100 1 A4_full 212 288 0.923424 1.251496 0.328073 0.328073 0.074234
100 2 A4_full 212 288 1.040437 1.435178 0.394741 0.394741 0.076149
100 3 A4_full 212 288 0.803689 1.293581 0.489892 0.489892 0.068073
100 4 A4_full 212 288 1.063795 1.662207 0.598411 0.598411 0.074784
100 5 A4_full 212 288 1.034509 1.690045 0.655536 0.655536 0.080006
100 6 A4_full 212 288 0.953366 1.571870 0.618503 0.618503 0.065549
100 7 A4_full 212 288 1.003439 1.679740 0.676302 0.676302 0.076207
100 8 A4_full 212 288 1.020553 1.647239 0.626686 0.626686 0.058402
100 9 A4_full 212 288 0.912459 1.550584 0.638125 0.638125 0.070321
100 10 A4_full 212 288 0.932843 1.528526 0.595683 0.595683 0.067061
100 11 A4_full 212 288 1.000522 1.739843 0.739321 0.739321 0.072980
100 12 A4_full 212 288 1.100690 1.848559 0.747869 0.747869 0.086045
100 13 A4_full 212 288 1.068245 1.746420 0.678175 0.678175 0.062703
100 14 A4_full 212 288 0.945749 1.605749 0.660000 0.660000 0.070443
100 15 A4_full 212 288 0.962778 1.633993 0.671215 0.671215 0.067607
100 16 A4_full 212 288 1.038622 1.708684 0.670062 0.670062 0.073621
100 17 A4_full 212 288 1.042235 1.698825 0.656591 0.656591 0.065406
100 18 A4_full 212 288 1.033490 1.671630 0.638140 0.638140 0.064610
100 19 A4_full 212 288 1.023989 1.728085 0.704097 0.704097 0.067468
100 20 A4_full 212 288 1.059707 1.739119 0.679412 0.679412 0.057889
250 1 A3_local 420 80 0.979472 1.894041 0.914570 0.914570 0.092689
250 2 A3_local 420 80 1.021220 1.697276 0.676056 0.676056 0.083294
250 3 A3_local 420 80 0.894615 1.514724 0.620109 0.620109 0.064384
250 4 A3_local 420 80 1.051386 1.752117 0.700731 0.700731 0.077998
250 5 A3_local 420 80 1.083171 1.943658 0.860487 0.860487 0.088817
250 6 A3_local 420 80 0.975087 1.733753 0.758665 0.758665 0.070712
250 7 A3_local 420 80 1.027608 1.843471 0.815863 0.815863 0.075667
250 8 A3_local 420 80 1.078111 1.906667 0.828556 0.828556 0.066263
250 9 A3_local 420 80 0.911445 1.533439 0.621993 0.621993 0.048114
250 10 A3_local 420 80 0.982207 1.642048 0.659842 0.659842 0.048836
250 11 A3_local 420 80 1.072407 1.896624 0.824217 0.824217 0.068687
250 12 A3_local 420 80 1.065815 1.894937 0.829122 0.829122 0.068131
250 13 A3_local 420 80 1.013433 1.756314 0.742881 0.742881 0.054828
250 14 A3_local 420 80 0.978758 1.697999 0.719242 0.719242 0.054680
250 15 A3_local 420 80 1.040257 1.880881 0.840625 0.840625 0.067900
250 16 A3_local 420 80 1.045544 1.796363 0.750819 0.750819 0.055394
250 17 A3_local 420 80 1.063446 1.821769 0.758323 0.758323 0.054288
250 18 A3_local 420 80 0.985586 1.696684 0.711098 0.711098 0.054519
250 19 A3_local 420 80 1.008641 1.766473 0.757832 0.757832 0.055619
250 20 A3_local 420 80 1.036902 1.759441 0.722539 0.722539 0.052379
250 1 A4_full 394 106 0.972254 1.056774 0.084520 0.084520 0.038740
250 2 A4_full 394 106 1.011400 1.169151 0.157750 0.157750 0.040383
250 3 A4_full 394 106 0.859819 1.105934 0.246115 0.246115 0.036033
250 4 A4_full 394 106 1.020345 1.271498 0.251153 0.251153 0.040626
250 5 A4_full 394 106 1.043866 1.400224 0.356358 0.356358 0.046570
250 6 A4_full 394 106 0.982568 1.388768 0.406199 0.406199 0.038746
250 7 A4_full 394 106 1.061580 1.459686 0.398106 0.398106 0.044391
250 8 A4_full 394 106 1.074489 1.498183 0.423694 0.423694 0.042972
250 9 A4_full 394 106 0.916456 1.314200 0.397744 0.397744 0.035164
250 10 A4_full 394 106 0.967510 1.377727 0.410217 0.410217 0.040454
250 11 A4_full 394 106 1.049015 1.577495 0.528480 0.528480 0.047306
250 12 A4_full 394 106 1.068173 1.596811 0.528638 0.528638 0.048574
250 13 A4_full 394 106 0.999127 1.440730 0.441602 0.441602 0.040210
250 14 A4_full 394 106 0.981248 1.454385 0.473137 0.473137 0.043002
250 15 A4_full 394 106 0.989407 1.461125 0.471718 0.471718 0.039833
250 16 A4_full 394 106 0.996493 1.450514 0.454020 0.454020 0.037072
250 17 A4_full 394 106 1.055994 1.580504 0.524510 0.524510 0.040135
250 18 A4_full 394 106 1.012780 1.474917 0.462137 0.462137 0.036650
250 19 A4_full 394 106 0.999240 1.505543 0.506303 0.506303 0.041911
250 20 A4_full 394 106 1.024547 1.524619 0.500072 0.500072 0.038555
500 1 A3_local 472 28 0.963670 1.855386 0.891715 0.891715 0.088091
500 2 A3_local 472 28 1.004167 1.677397 0.673229 0.673229 0.078720
500 3 A3_local 472 28 0.883344 1.387408 0.504064 0.504064 0.055664
500 4 A3_local 472 28 1.058332 1.658884 0.600552 0.600552 0.063148
500 5 A3_local 472 28 1.104029 1.780827 0.676798 0.676798 0.071430
500 6 A3_local 472 28 0.983267 1.631794 0.648526 0.648526 0.062678
500 7 A3_local 472 28 1.009967 1.672826 0.662859 0.662859 0.061737
500 8 A3_local 472 28 1.046685 1.731266 0.684582 0.684582 0.058098
500 9 A3_local 472 28 0.935331 1.479933 0.544603 0.544603 0.045803
500 10 A3_local 472 28 0.983987 1.575895 0.591908 0.591908 0.049595
500 11 A3_local 472 28 1.058331 1.816130 0.757800 0.757800 0.066792
500 12 A3_local 472 28 1.063225 1.776978 0.713753 0.713753 0.057626
500 13 A3_local 472 28 0.999403 1.612462 0.613059 0.613059 0.048547
500 14 A3_local 472 28 0.950801 1.582133 0.631333 0.631333 0.059131
500 15 A3_local 472 28 1.032071 1.712019 0.679948 0.679948 0.054349
500 16 A3_local 472 28 1.030343 1.618892 0.588549 0.588549 0.045828
500 17 A3_local 472 28 1.050377 1.719331 0.668954 0.668954 0.054564
500 18 A3_local 472 28 0.982238 1.581974 0.599735 0.599735 0.044708
500 19 A3_local 472 28 1.000366 1.671901 0.671536 0.671536 0.050411
500 20 A3_local 472 28 1.014323 1.692611 0.678288 0.678288 0.051539
500 1 A4_full 452 48 0.951758 1.026161 0.074403 0.074403 0.035068
500 2 A4_full 452 48 0.989930 1.065264 0.075334 0.075334 0.031969
500 3 A4_full 452 48 0.868055 1.025700 0.157644 0.157644 0.032567
500 4 A4_full 452 48 1.032342 1.198162 0.165821 0.165821 0.037005
500 5 A4_full 452 48 1.081724 1.316076 0.234352 0.234352 0.040728
500 6 A4_full 452 48 0.997809 1.232487 0.234678 0.234678 0.032288
500 7 A4_full 452 48 1.002941 1.242020 0.239079 0.239079 0.033895
500 8 A4_full 452 48 1.025107 1.288118 0.263012 0.263012 0.030528
500 9 A4_full 452 48 0.911360 1.160943 0.249583 0.249583 0.024280
500 10 A4_full 452 48 0.982350 1.244455 0.262105 0.262105 0.026047
500 11 A4_full 452 48 1.045979 1.380586 0.334607 0.334607 0.035500
500 12 A4_full 452 48 1.057403 1.377716 0.320312 0.320312 0.031784
500 13 A4_full 452 48 0.981822 1.291613 0.309791 0.309791 0.029796
500 14 A4_full 452 48 0.965112 1.312343 0.347231 0.347231 0.033382
500 15 A4_full 452 48 1.021657 1.351993 0.330336 0.330336 0.031377
500 16 A4_full 452 48 1.000249 1.306695 0.306447 0.306447 0.031352
500 17 A4_full 452 48 1.070553 1.430270 0.359717 0.359717 0.032029
500 18 A4_full 452 48 0.987454 1.312299 0.324845 0.324845 0.029168
500 19 A4_full 452 48 1.004976 1.400539 0.395563 0.395563 0.029603
500 20 A4_full 452 48 1.023566 1.388526 0.364960 0.364960 0.028572
1000 1 A3_local 489 11 0.964599 1.814365 0.849765 0.849765 0.086085
1000 2 A3_local 489 11 1.009018 1.612135 0.603117 0.603117 0.077265
1000 3 A3_local 489 11 0.885378 1.311674 0.426296 0.426296 0.048862
1000 4 A3_local 489 11 1.049157 1.526025 0.476868 0.476868 0.061519
1000 5 A3_local 489 11 1.069983 1.610994 0.541011 0.541011 0.066142
1000 6 A3_local 489 11 0.981216 1.499959 0.518743 0.518743 0.064685
1000 7 A3_local 489 11 1.013571 1.551821 0.538250 0.538250 0.056488
1000 8 A3_local 489 11 1.032618 1.618860 0.586243 0.586243 0.052051
1000 9 A3_local 489 11 0.917985 1.380474 0.462489 0.462489 0.043337
1000 10 A3_local 489 11 0.978800 1.469717 0.490918 0.490918 0.041713
1000 11 A3_local 489 11 1.053614 1.678180 0.624566 0.624566 0.058059
1000 12 A3_local 489 11 1.062627 1.680299 0.617672 0.617672 0.056214
1000 13 A3_local 489 11 1.018350 1.555215 0.536865 0.536865 0.045205
1000 14 A3_local 489 11 0.968784 1.517140 0.548355 0.548355 0.052595
1000 15 A3_local 489 11 1.019376 1.614435 0.595058 0.595058 0.055840
1000 16 A3_local 489 11 1.018982 1.520026 0.501044 0.501044 0.042995
1000 17 A3_local 489 11 1.056455 1.656998 0.600544 0.600544 0.053070
1000 18 A3_local 489 11 0.972554 1.474400 0.501846 0.501846 0.038966
1000 19 A3_local 489 11 0.998119 1.525448 0.527329 0.527329 0.038398
1000 20 A3_local 489 11 1.027849 1.588107 0.560258 0.560258 0.044289
1000 1 A4_full 489 11 0.954992 0.991890 0.036898 0.036898 0.030791
1000 2 A4_full 489 11 0.999514 1.042798 0.043283 0.043283 0.029033
1000 3 A4_full 489 11 0.879836 0.988045 0.108209 0.108209 0.026924
1000 4 A4_full 489 11 1.031274 1.139593 0.108319 0.108319 0.030264
1000 5 A4_full 489 11 1.084346 1.215624 0.131278 0.131278 0.033051
1000 6 A4_full 489 11 0.976434 1.162118 0.185684 0.185684 0.028174
1000 7 A4_full 489 11 1.024760 1.218857 0.194097 0.194097 0.033030
1000 8 A4_full 489 11 1.029353 1.216699 0.187346 0.187346 0.028630
1000 9 A4_full 489 11 0.927930 1.107661 0.179731 0.179731 0.025495
1000 10 A4_full 489 11 0.976352 1.141417 0.165065 0.165065 0.023033
1000 11 A4_full 489 11 1.050536 1.325217 0.274681 0.274681 0.031279
1000 12 A4_full 489 11 1.063481 1.303571 0.240090 0.240090 0.030683
1000 13 A4_full 489 11 1.009794 1.196769 0.186974 0.186974 0.024407
1000 14 A4_full 489 11 0.964228 1.190905 0.226677 0.226677 0.028089
1000 15 A4_full 489 11 1.031002 1.288420 0.257418 0.257418 0.028529
1000 16 A4_full 489 11 1.015478 1.247354 0.231876 0.231876 0.026798
1000 17 A4_full 489 11 1.055519 1.321876 0.266357 0.266357 0.029439
1000 18 A4_full 489 11 0.974824 1.195104 0.220280 0.220280 0.024851
1000 19 A4_full 489 11 0.992086 1.285157 0.293071 0.293071 0.025524
1000 20 A4_full 489 11 1.012789 1.287215 0.274427 0.274427 0.025948
2000 1 A3_local 499 1 0.953742 1.757232 0.803490 0.803490 0.083251
2000 2 A3_local 499 1 1.002418 1.582259 0.579841 0.579841 0.076641
2000 3 A3_local 499 1 0.884573 1.266996 0.382423 0.382423 0.046175
2000 4 A3_local 499 1 1.046241 1.449993 0.403752 0.403752 0.050315
2000 5 A3_local 499 1 1.081531 1.544799 0.463268 0.463268 0.061145
2000 6 A3_local 499 1 0.973050 1.407747 0.434697 0.434697 0.053573
2000 7 A3_local 499 1 1.022246 1.515631 0.493386 0.493386 0.058506
2000 8 A3_local 499 1 1.039211 1.534632 0.495421 0.495421 0.050541
2000 9 A3_local 499 1 0.920446 1.285927 0.365482 0.365482 0.036165
2000 10 A3_local 499 1 0.967945 1.379440 0.411495 0.411495 0.038973
2000 11 A3_local 499 1 1.052772 1.544488 0.491716 0.491716 0.047920
2000 12 A3_local 499 1 1.052827 1.549121 0.496294 0.496294 0.052427
2000 13 A3_local 499 1 1.010975 1.447988 0.437013 0.437013 0.040524
2000 14 A3_local 499 1 0.965622 1.432235 0.466613 0.466613 0.048958
2000 15 A3_local 499 1 1.029188 1.514259 0.485071 0.485071 0.044899
2000 16 A3_local 499 1 1.013656 1.448683 0.435027 0.435027 0.040491
2000 17 A3_local 499 1 1.051080 1.560619 0.509539 0.509539 0.045096
2000 18 A3_local 499 1 0.974436 1.418185 0.443749 0.443749 0.037708
2000 19 A3_local 499 1 0.991689 1.480450 0.488762 0.488762 0.039407
2000 20 A3_local 499 1 1.019288 1.500795 0.481507 0.481507 0.041100
2000 1 A4_full 499 1 0.952655 0.980063 0.027408 0.027408 0.031107
2000 2 A4_full 499 1 0.998950 1.025678 0.026728 0.026728 0.029559
2000 3 A4_full 499 1 0.882776 0.960181 0.077405 0.077405 0.026452
2000 4 A4_full 499 1 1.048056 1.109360 0.061304 0.061304 0.028449
2000 5 A4_full 499 1 1.082856 1.164907 0.082051 0.082051 0.033362
2000 6 A4_full 499 1 0.972441 1.102273 0.129832 0.129832 0.025902
2000 7 A4_full 499 1 1.024888 1.148965 0.124077 0.124077 0.030580
2000 8 A4_full 499 1 1.040097 1.176835 0.136738 0.136738 0.028474
2000 9 A4_full 499 1 0.918638 1.058685 0.140047 0.140047 0.022255
2000 10 A4_full 499 1 0.973273 1.107311 0.134039 0.134039 0.023034
2000 11 A4_full 499 1 1.046826 1.240272 0.193446 0.193446 0.027149
2000 12 A4_full 499 1 1.057775 1.233012 0.175237 0.175237 0.027605
2000 13 A4_full 499 1 1.013646 1.175573 0.161926 0.161926 0.025329
2000 14 A4_full 499 1 0.965923 1.171021 0.205098 0.205098 0.025174
2000 15 A4_full 499 1 1.028074 1.234022 0.205948 0.205948 0.023092
2000 16 A4_full 499 1 1.016484 1.202390 0.185906 0.185906 0.026538
2000 17 A4_full 499 1 1.053915 1.253647 0.199732 0.199732 0.023877
2000 18 A4_full 499 1 0.976537 1.154900 0.178363 0.178363 0.022688
2000 19 A4_full 499 1 0.993147 1.209174 0.216027 0.216027 0.022142
2000 20 A4_full 499 1 1.017189 1.233516 0.216327 0.216327 0.022964
4000 1 A3_local 500 0 0.952550 1.766965 0.814415 0.814415 0.083376
4000 2 A3_local 500 0 1.000657 1.565161 0.564504 0.564504 0.075798
4000 3 A3_local 500 0 0.882839 1.240807 0.357968 0.357968 0.045747
4000 4 A3_local 500 0 1.046308 1.457502 0.411194 0.411194 0.055867
4000 5 A3_local 500 0 1.081063 1.526949 0.445885 0.445885 0.062778
4000 6 A3_local 500 0 0.971735 1.379482 0.407748 0.407748 0.054847
4000 7 A3_local 500 0 1.023107 1.449171 0.426064 0.426064 0.053461
4000 8 A3_local 500 0 1.038243 1.467675 0.429432 0.429432 0.046080
4000 9 A3_local 500 0 0.918675 1.245438 0.326762 0.326762 0.037443
4000 10 A3_local 500 0 0.971434 1.306627 0.335193 0.335193 0.034490
4000 11 A3_local 500 0 1.051659 1.510951 0.459292 0.459292 0.053164
4000 12 A3_local 500 0 1.057590 1.476152 0.418562 0.418562 0.046341
4000 13 A3_local 500 0 1.014066 1.383933 0.369868 0.369868 0.036078
4000 14 A3_local 500 0 0.964291 1.353040 0.388749 0.388749 0.042941
4000 15 A3_local 500 0 1.027296 1.429167 0.401870 0.401870 0.044528
4000 16 A3_local 500 0 1.014828 1.378471 0.363643 0.363643 0.040227
4000 17 A3_local 500 0 1.052191 1.490182 0.437991 0.437991 0.043275
4000 18 A3_local 500 0 0.974667 1.353797 0.379130 0.379130 0.034832
4000 19 A3_local 500 0 0.991992 1.406347 0.414355 0.414355 0.037431
4000 20 A3_local 500 0 1.017361 1.438671 0.421311 0.421311 0.038883
4000 1 A4_full 499 1 0.953994 0.983451 0.029457 0.029457 0.030636
4000 2 A4_full 499 1 0.998837 1.017206 0.018369 0.018369 0.028726
4000 3 A4_full 499 1 0.875818 0.938796 0.062978 0.062978 0.026103
4000 4 A4_full 499 1 1.042945 1.064076 0.021130 0.021130 0.027067
4000 5 A4_full 499 1 1.082204 1.112882 0.030679 0.030679 0.030435
4000 6 A4_full 499 1 0.973150 1.051682 0.078532 0.078532 0.023052
4000 7 A4_full 499 1 1.022086 1.113305 0.091219 0.091219 0.027828
4000 8 A4_full 499 1 1.035955 1.124088 0.088133 0.088133 0.026547
4000 9 A4_full 499 1 0.918755 1.003892 0.085137 0.085137 0.019210
4000 10 A4_full 499 1 0.970884 1.053391 0.082508 0.082508 0.022258
4000 11 A4_full 499 1 1.049762 1.205971 0.156209 0.156209 0.026077
4000 12 A4_full 499 1 1.058436 1.175681 0.117245 0.117245 0.027193
4000 13 A4_full 499 1 1.016047 1.103599 0.087552 0.087552 0.025324
4000 14 A4_full 499 1 0.966111 1.091421 0.125310 0.125310 0.021249
4000 15 A4_full 499 1 1.025254 1.157430 0.132176 0.132176 0.024777
4000 16 A4_full 499 1 1.012801 1.133787 0.120986 0.120986 0.027284
4000 17 A4_full 499 1 1.052594 1.200151 0.147557 0.147557 0.021870
4000 18 A4_full 499 1 0.972086 1.090547 0.118461 0.118461 0.022081
4000 19 A4_full 499 1 0.993282 1.166404 0.173121 0.173121 0.021621
4000 20 A4_full 499 1 1.014948 1.167848 0.152900 0.152900 0.021868
