R=20  K=20  area_points=1600  ESS_threshold=0.75  M_prop=20
N k algorithm success collapse mean_true_paired mean_PF bias abs_bias paired_MCSE
100 1 A3_local 13 7 1.052872 1.742822 0.689950 0.689950 0.249975
100 2 A3_local 13 7 1.190639 2.849218 1.658579 1.658579 0.939149
100 3 A3_local 13 7 0.858183 1.629311 0.771129 0.771129 0.272679
100 4 A3_local 13 7 1.101466 2.326891 1.225425 1.225425 0.268648
100 5 A3_local 13 7 0.946342 1.915625 0.969284 0.969284 0.262142
100 6 A3_local 13 7 0.668948 1.608027 0.939079 0.939079 0.265646
100 7 A3_local 13 7 1.337126 2.422300 1.085175 1.085175 0.369487
100 8 A3_local 13 7 1.299535 3.240439 1.940904 1.940904 0.641979
100 9 A3_local 13 7 0.925243 2.014053 1.088810 1.088810 0.239457
100 10 A3_local 13 7 1.011548 2.367059 1.355512 1.355512 0.589595
100 11 A3_local 13 7 0.568148 1.010082 0.441934 0.441934 0.187689
100 12 A3_local 13 7 1.008765 2.005441 0.996677 0.996677 0.208644
100 13 A3_local 13 7 0.685662 1.681090 0.995428 0.995428 0.367769
100 14 A3_local 13 7 1.097942 2.547780 1.449838 1.449838 0.350862
100 15 A3_local 13 7 0.999248 2.529691 1.530443 1.530443 0.630765
100 16 A3_local 13 7 1.047725 2.726282 1.678557 1.678557 0.495287
100 17 A3_local 13 7 0.909274 2.232098 1.322824 1.322824 0.392387
100 18 A3_local 13 7 1.328343 2.954219 1.625876 1.625876 0.632211
100 19 A3_local 13 7 0.707610 1.546690 0.839080 0.839080 0.336442
100 20 A3_local 13 7 0.938342 2.185542 1.247200 1.247200 0.381277
100 1 A4_full 5 15 1.536289 1.759943 0.223654 0.223654 0.241291
100 2 A4_full 5 15 0.815525 1.030360 0.214835 0.214835 0.176133
100 3 A4_full 5 15 0.365411 0.834987 0.469576 0.469576 0.226372
100 4 A4_full 5 15 0.755630 1.790924 1.035294 1.035294 0.287349
100 5 A4_full 5 15 0.975472 1.661183 0.685711 0.685711 0.306413
100 6 A4_full 5 15 0.625818 1.622429 0.996611 0.996611 0.539096
100 7 A4_full 5 15 0.576937 1.157768 0.580831 0.580831 0.294376
100 8 A4_full 5 15 1.301146 2.514290 1.213144 1.213144 0.759547
100 9 A4_full 5 15 0.688748 1.484160 0.795411 0.795411 0.423813
100 10 A4_full 5 15 1.100559 2.195785 1.095227 1.095227 0.890832
100 11 A4_full 5 15 0.650228 1.054997 0.404769 0.404769 0.262128
100 12 A4_full 5 15 0.584593 0.952724 0.368130 0.368130 0.175912
100 13 A4_full 5 15 0.699377 1.435579 0.736202 0.736202 0.326600
100 14 A4_full 5 15 1.534711 2.680165 1.145455 1.145455 0.501513
100 15 A4_full 5 15 0.684024 1.249374 0.565350 0.565350 0.256779
100 16 A4_full 5 15 1.522902 2.723821 1.200919 1.200919 0.848114
100 17 A4_full 5 15 0.598298 1.079501 0.481203 0.481203 0.274663
100 18 A4_full 5 15 0.867895 1.397801 0.529906 0.529906 0.236946
100 19 A4_full 5 15 0.779061 1.442709 0.663649 0.663649 0.590239
100 20 A4_full 5 15 1.113949 1.536376 0.422427 0.422427 0.272086
100 1 A5_empirical_optimal 20 0 0.981617 0.924100 -0.057518 0.057518 0.131001
100 2 A5_empirical_optimal 20 0 1.315387 1.262826 -0.052561 0.052561 0.178221
100 3 A5_empirical_optimal 20 0 0.834986 0.784115 -0.050871 0.050871 0.132433
100 4 A5_empirical_optimal 20 0 1.329369 1.315163 -0.014206 0.014206 0.167120
100 5 A5_empirical_optimal 20 0 1.173789 1.215055 0.041266 0.041266 0.156026
100 6 A5_empirical_optimal 20 0 0.859933 0.961592 0.101660 0.101660 0.126446
100 7 A5_empirical_optimal 20 0 1.456614 1.616533 0.159919 0.159919 0.110993
100 8 A5_empirical_optimal 20 0 1.288735 1.531251 0.242516 0.242516 0.118641
100 9 A5_empirical_optimal 20 0 0.803225 1.008751 0.205526 0.205526 0.112568
100 10 A5_empirical_optimal 20 0 1.245149 1.597985 0.352836 0.352836 0.097477
100 11 A5_empirical_optimal 20 0 0.749634 0.876551 0.126918 0.126918 0.052351
100 12 A5_empirical_optimal 20 0 0.890661 1.055513 0.164853 0.164853 0.072508
100 13 A5_empirical_optimal 20 0 0.846449 1.245944 0.399495 0.399495 0.152947
100 14 A5_empirical_optimal 20 0 1.057220 1.581234 0.524014 0.524014 0.166708
100 15 A5_empirical_optimal 20 0 1.108700 1.684535 0.575835 0.575835 0.189689
100 16 A5_empirical_optimal 20 0 1.359917 1.883918 0.524001 0.524001 0.160382
100 17 A5_empirical_optimal 20 0 0.749903 1.161875 0.411972 0.411972 0.123171
100 18 A5_empirical_optimal 20 0 1.076956 1.528801 0.451845 0.451845 0.102365
100 19 A5_empirical_optimal 20 0 0.626364 0.963024 0.336659 0.336659 0.095213
100 20 A5_empirical_optimal 20 0 0.788123 1.097818 0.309695 0.309695 0.093357
250 1 A3_local 17 3 1.098047 1.874575 0.776528 0.776528 0.347435
250 2 A3_local 17 3 1.313480 2.408026 1.094545 1.094545 0.603190
250 3 A3_local 17 3 0.822230 1.375139 0.552909 0.552909 0.170449
250 4 A3_local 17 3 1.292729 2.066878 0.774149 0.774149 0.347799
250 5 A3_local 17 3 1.222357 1.829923 0.607566 0.607566 0.243869
250 6 A3_local 17 3 0.715959 1.226311 0.510352 0.510352 0.195155
250 7 A3_local 17 3 1.053888 2.055315 1.001427 1.001427 0.381564
250 8 A3_local 17 3 1.439160 2.445425 1.006265 1.006265 0.275113
250 9 A3_local 17 3 0.738416 1.453531 0.715114 0.715114 0.131228
250 10 A3_local 17 3 1.284725 2.347889 1.063165 1.063165 0.254019
250 11 A3_local 17 3 0.734314 1.188346 0.454031 0.454031 0.097259
250 12 A3_local 17 3 0.738655 1.374850 0.636195 0.636195 0.121909
250 13 A3_local 17 3 0.914625 1.880809 0.966184 0.966184 0.359015
250 14 A3_local 17 3 1.128835 2.296122 1.167287 1.167287 0.332106
250 15 A3_local 17 3 1.086519 2.255464 1.168945 1.168945 0.413592
250 16 A3_local 17 3 1.403867 2.629444 1.225578 1.225578 0.313693
250 17 A3_local 17 3 0.831356 1.892483 1.061127 1.061127 0.342379
250 18 A3_local 17 3 1.136209 2.278801 1.142591 1.142591 0.425158
250 19 A3_local 17 3 0.604465 1.118928 0.514463 0.514463 0.179552
250 20 A3_local 17 3 0.844681 1.573226 0.728545 0.728545 0.212237
250 1 A4_full 17 3 1.033781 0.937235 -0.096546 0.096546 0.175459
250 2 A4_full 17 3 1.162573 1.468603 0.306031 0.306031 0.225285
250 3 A4_full 17 3 0.797532 0.812103 0.014571 0.014571 0.116549
250 4 A4_full 17 3 1.450210 1.675594 0.225383 0.225383 0.193483
250 5 A4_full 17 3 1.250430 1.446573 0.196144 0.196144 0.133983
250 6 A4_full 17 3 0.916060 1.019808 0.103748 0.103748 0.130994
250 7 A4_full 17 3 1.276089 1.290027 0.013938 0.013938 0.177869
250 8 A4_full 17 3 1.413647 1.696798 0.283151 0.283151 0.151246
250 9 A4_full 17 3 0.850032 1.054764 0.204733 0.204733 0.099844
250 10 A4_full 17 3 1.215811 1.589438 0.373627 0.373627 0.163442
250 11 A4_full 17 3 0.741248 0.904461 0.163213 0.163213 0.086597
250 12 A4_full 17 3 0.902929 1.159751 0.256822 0.256822 0.127839
250 13 A4_full 17 3 0.878288 1.505712 0.627424 0.627424 0.255312
250 14 A4_full 17 3 0.984088 1.603208 0.619120 0.619120 0.192288
250 15 A4_full 17 3 1.062965 1.652933 0.589968 0.589968 0.195843
250 16 A4_full 17 3 1.321155 1.964654 0.643499 0.643499 0.232347
250 17 A4_full 17 3 0.805022 1.326495 0.521473 0.521473 0.152093
250 18 A4_full 17 3 1.205869 1.787705 0.581836 0.581836 0.184552
250 19 A4_full 17 3 0.640976 1.019109 0.378133 0.378133 0.135803
250 20 A4_full 17 3 0.867063 1.341990 0.474927 0.474927 0.140196
250 1 A5_empirical_optimal 20 0 0.981617 0.947494 -0.034123 0.034123 0.126058
250 2 A5_empirical_optimal 20 0 1.315387 1.198246 -0.117141 0.117141 0.150768
250 3 A5_empirical_optimal 20 0 0.834986 0.785174 -0.049812 0.049812 0.118162
250 4 A5_empirical_optimal 20 0 1.329369 1.222578 -0.106791 0.106791 0.164790
250 5 A5_empirical_optimal 20 0 1.173789 1.075901 -0.097888 0.097888 0.131472
250 6 A5_empirical_optimal 20 0 0.859933 0.951781 0.091849 0.091849 0.119290
250 7 A5_empirical_optimal 20 0 1.456614 1.477898 0.021285 0.021285 0.169982
250 8 A5_empirical_optimal 20 0 1.288735 1.340966 0.052231 0.052231 0.137373
250 9 A5_empirical_optimal 20 0 0.803225 0.997670 0.194445 0.194445 0.104755
250 10 A5_empirical_optimal 20 0 1.245149 1.450854 0.205705 0.205705 0.128604
250 11 A5_empirical_optimal 20 0 0.749634 0.833429 0.083795 0.083795 0.060374
250 12 A5_empirical_optimal 20 0 0.890661 1.027732 0.137071 0.137071 0.086318
250 13 A5_empirical_optimal 20 0 0.846449 1.179203 0.332754 0.332754 0.095286
250 14 A5_empirical_optimal 20 0 1.057220 1.584748 0.527528 0.527528 0.166229
250 15 A5_empirical_optimal 20 0 1.108700 1.635767 0.527068 0.527068 0.184268
250 16 A5_empirical_optimal 20 0 1.359917 1.867656 0.507740 0.507740 0.202110
250 17 A5_empirical_optimal 20 0 0.749903 1.137438 0.387535 0.387535 0.114297
250 18 A5_empirical_optimal 20 0 1.076956 1.449364 0.372407 0.372407 0.083280
250 19 A5_empirical_optimal 20 0 0.626364 0.960962 0.334598 0.334598 0.106271
250 20 A5_empirical_optimal 20 0 0.788123 1.134787 0.346665 0.346665 0.088779
500 1 A3_local 19 1 1.026954 1.482136 0.455182 0.455182 0.209692
500 2 A3_local 19 1 1.249241 2.241678 0.992437 0.992437 0.612056
500 3 A3_local 19 1 0.795583 1.355524 0.559940 0.559940 0.211331
500 4 A3_local 19 1 1.365776 2.043189 0.677413 0.677413 0.277344
500 5 A3_local 19 1 1.211512 1.757829 0.546317 0.546317 0.173656
500 6 A3_local 19 1 0.890292 1.276698 0.386405 0.386405 0.155856
500 7 A3_local 19 1 1.088567 1.953885 0.865318 0.865318 0.427845
500 8 A3_local 19 1 1.329559 2.222998 0.893440 0.893440 0.228656
500 9 A3_local 19 1 0.684600 1.305611 0.621010 0.621010 0.123093
500 10 A3_local 19 1 1.293616 2.256808 0.963192 0.963192 0.212366
500 11 A3_local 19 1 0.777970 1.188904 0.410934 0.410934 0.072308
500 12 A3_local 19 1 0.715491 1.229029 0.513538 0.513538 0.065112
500 13 A3_local 19 1 0.849312 1.873834 1.024522 1.024522 0.477768
500 14 A3_local 19 1 1.084609 2.435020 1.350411 1.350411 0.388754
500 15 A3_local 19 1 1.136281 2.249392 1.113111 1.113111 0.289291
500 16 A3_local 19 1 1.385332 2.589404 1.204072 1.204072 0.250326
500 17 A3_local 19 1 0.773309 1.512027 0.738718 0.738718 0.228017
500 18 A3_local 19 1 1.111699 1.980217 0.868518 0.868518 0.363370
500 19 A3_local 19 1 0.612160 1.135944 0.523784 0.523784 0.179430
500 20 A3_local 19 1 0.782977 1.382096 0.599120 0.599120 0.188951
500 1 A4_full 16 4 1.064439 1.000328 -0.064111 0.064111 0.172471
500 2 A4_full 16 4 1.335351 1.227186 -0.108164 0.108164 0.191572
500 3 A4_full 16 4 0.806022 0.910381 0.104359 0.104359 0.138071
500 4 A4_full 16 4 1.379229 1.538699 0.159470 0.159470 0.125518
500 5 A4_full 16 4 1.353902 1.342185 -0.011717 0.011717 0.113725
500 6 A4_full 16 4 0.733940 1.045973 0.312034 0.312034 0.174774
500 7 A4_full 16 4 0.983262 1.320988 0.337726 0.337726 0.132837
500 8 A4_full 16 4 1.471702 1.863521 0.391818 0.391818 0.152012
500 9 A4_full 16 4 0.748064 1.002339 0.254275 0.254275 0.095277
500 10 A4_full 16 4 1.274509 1.543948 0.269439 0.269439 0.143378
500 11 A4_full 16 4 0.773023 0.901010 0.127986 0.127986 0.067286
500 12 A4_full 16 4 0.786993 1.024516 0.237523 0.237523 0.054229
500 13 A4_full 16 4 0.948265 1.393822 0.445557 0.445557 0.136056
500 14 A4_full 16 4 1.002162 1.549668 0.547506 0.547506 0.134488
500 15 A4_full 16 4 1.208605 1.705391 0.496786 0.496786 0.136888
500 16 A4_full 16 4 1.423545 2.032663 0.609118 0.609118 0.280898
500 17 A4_full 16 4 0.811450 1.230329 0.418879 0.418879 0.128663
500 18 A4_full 16 4 1.185407 1.646151 0.460743 0.460743 0.108733
500 19 A4_full 16 4 0.606872 0.956369 0.349497 0.349497 0.149825
500 20 A4_full 16 4 0.896693 1.264543 0.367850 0.367850 0.117117
500 1 A5_empirical_optimal 20 0 0.981617 0.932816 -0.048801 0.048801 0.122717
500 2 A5_empirical_optimal 20 0 1.315387 1.146342 -0.169045 0.169045 0.148351
500 3 A5_empirical_optimal 20 0 0.834986 0.767010 -0.067976 0.067976 0.142980
500 4 A5_empirical_optimal 20 0 1.329369 1.211572 -0.117797 0.117797 0.140593
500 5 A5_empirical_optimal 20 0 1.173789 1.014561 -0.159228 0.159228 0.137122
500 6 A5_empirical_optimal 20 0 0.859933 0.972348 0.112416 0.112416 0.145593
500 7 A5_empirical_optimal 20 0 1.456614 1.315993 -0.140620 0.140620 0.249471
500 8 A5_empirical_optimal 20 0 1.288735 1.344645 0.055910 0.055910 0.114230
500 9 A5_empirical_optimal 20 0 0.803225 0.940917 0.137692 0.137692 0.111212
500 10 A5_empirical_optimal 20 0 1.245149 1.400539 0.155390 0.155390 0.071408
500 11 A5_empirical_optimal 20 0 0.749634 0.829592 0.079958 0.079958 0.055348
500 12 A5_empirical_optimal 20 0 0.890661 0.994797 0.104137 0.104137 0.113424
500 13 A5_empirical_optimal 20 0 0.846449 1.221568 0.375119 0.375119 0.149908
500 14 A5_empirical_optimal 20 0 1.057220 1.497933 0.440713 0.440713 0.112299
500 15 A5_empirical_optimal 20 0 1.108700 1.486308 0.377608 0.377608 0.116545
500 16 A5_empirical_optimal 20 0 1.359917 1.760655 0.400739 0.400739 0.180064
500 17 A5_empirical_optimal 20 0 0.749903 1.110050 0.360147 0.360147 0.105541
500 18 A5_empirical_optimal 20 0 1.076956 1.461519 0.384562 0.384562 0.128768
500 19 A5_empirical_optimal 20 0 0.626364 0.907847 0.281483 0.281483 0.087289
500 20 A5_empirical_optimal 20 0 0.788123 1.082769 0.294646 0.294646 0.086600
1000 1 A3_local 20 0 0.981617 1.306998 0.325381 0.325381 0.156618
1000 2 A3_local 20 0 1.315387 2.144011 0.828624 0.828624 0.456139
1000 3 A3_local 20 0 0.834986 1.243853 0.408868 0.408868 0.143002
1000 4 A3_local 20 0 1.329369 1.785727 0.456358 0.456358 0.196398
1000 5 A3_local 20 0 1.173789 1.512034 0.338245 0.338245 0.132930
1000 6 A3_local 20 0 0.859933 1.367007 0.507074 0.507074 0.163075
1000 7 A3_local 20 0 1.456614 2.173597 0.716983 0.716983 0.241042
1000 8 A3_local 20 0 1.288735 2.058721 0.769986 0.769986 0.234182
1000 9 A3_local 20 0 0.803225 1.272468 0.469243 0.469243 0.097867
1000 10 A3_local 20 0 1.245149 2.002231 0.757082 0.757082 0.229921
1000 11 A3_local 20 0 0.749634 1.047951 0.298317 0.298317 0.079781
1000 12 A3_local 20 0 0.890661 1.309797 0.419136 0.419136 0.079516
1000 13 A3_local 20 0 0.846449 1.286035 0.439585 0.439585 0.114160
1000 14 A3_local 20 0 1.057220 1.848270 0.791049 0.791049 0.251647
1000 15 A3_local 20 0 1.108700 1.995508 0.886809 0.886809 0.342255
1000 16 A3_local 20 0 1.359917 2.054103 0.694186 0.694186 0.229548
1000 17 A3_local 20 0 0.749903 1.337835 0.587931 0.587931 0.198391
1000 18 A3_local 20 0 1.076956 1.721718 0.644762 0.644762 0.154618
1000 19 A3_local 20 0 0.626364 1.013787 0.387423 0.387423 0.082829
1000 20 A3_local 20 0 0.788123 1.328178 0.540055 0.540055 0.163186
1000 1 A4_full 19 1 0.984098 0.910325 -0.073773 0.073773 0.133960
1000 2 A4_full 19 1 1.335355 1.186846 -0.148509 0.148509 0.146613
1000 3 A4_full 19 1 0.805278 0.837668 0.032390 0.032390 0.111599
1000 4 A4_full 19 1 1.357837 1.320797 -0.037040 0.037040 0.126323
1000 5 A4_full 19 1 1.219957 1.103689 -0.116269 0.116269 0.127741
1000 6 A4_full 19 1 0.903829 1.062048 0.158218 0.158218 0.086530
1000 7 A4_full 19 1 1.356830 1.350960 -0.005870 0.005870 0.208453
1000 8 A4_full 19 1 1.335315 1.461570 0.126256 0.126256 0.133995
1000 9 A4_full 19 1 0.806599 0.950525 0.143926 0.143926 0.120959
1000 10 A4_full 19 1 1.278082 1.527213 0.249131 0.249131 0.094231
1000 11 A4_full 19 1 0.776883 0.890826 0.113943 0.113943 0.046428
1000 12 A4_full 19 1 0.916913 1.056024 0.139111 0.139111 0.053068
1000 13 A4_full 19 1 0.863359 1.067018 0.203659 0.203659 0.064066
1000 14 A4_full 19 1 0.930723 1.281300 0.350578 0.350578 0.113178
1000 15 A4_full 19 1 1.142649 1.848216 0.705567 0.705567 0.229603
1000 16 A4_full 19 1 1.367187 1.867364 0.500176 0.500176 0.241976
1000 17 A4_full 19 1 0.755412 1.241420 0.486008 0.486008 0.170455
1000 18 A4_full 19 1 1.115947 1.739691 0.623744 0.623744 0.244890
1000 19 A4_full 19 1 0.641336 1.008459 0.367122 0.367122 0.108339
1000 20 A4_full 19 1 0.819522 1.202484 0.382962 0.382962 0.101397
1000 1 A5_empirical_optimal 20 0 0.981617 0.924696 -0.056921 0.056921 0.124078
1000 2 A5_empirical_optimal 20 0 1.315387 1.180865 -0.134521 0.134521 0.150501
1000 3 A5_empirical_optimal 20 0 0.834986 0.808273 -0.026712 0.026712 0.127344
1000 4 A5_empirical_optimal 20 0 1.329369 1.202562 -0.126807 0.126807 0.163659
1000 5 A5_empirical_optimal 20 0 1.173789 1.095264 -0.078526 0.078526 0.135074
1000 6 A5_empirical_optimal 20 0 0.859933 0.922866 0.062933 0.062933 0.129823
1000 7 A5_empirical_optimal 20 0 1.456614 1.446718 -0.009896 0.009896 0.153812
1000 8 A5_empirical_optimal 20 0 1.288735 1.359496 0.070762 0.070762 0.166667
1000 9 A5_empirical_optimal 20 0 0.803225 0.894756 0.091531 0.091531 0.094156
1000 10 A5_empirical_optimal 20 0 1.245149 1.378861 0.133712 0.133712 0.122256
1000 11 A5_empirical_optimal 20 0 0.749634 0.794713 0.045079 0.045079 0.066494
1000 12 A5_empirical_optimal 20 0 0.890661 0.979739 0.089078 0.089078 0.091953
1000 13 A5_empirical_optimal 20 0 0.846449 1.041020 0.194570 0.194570 0.081001
1000 14 A5_empirical_optimal 20 0 1.057220 1.393930 0.336710 0.336710 0.098075
1000 15 A5_empirical_optimal 20 0 1.108700 1.423288 0.314588 0.314588 0.086649
1000 16 A5_empirical_optimal 20 0 1.359917 1.602353 0.242437 0.242437 0.193358
1000 17 A5_empirical_optimal 20 0 0.749903 1.010673 0.260770 0.260770 0.088346
1000 18 A5_empirical_optimal 20 0 1.076956 1.314815 0.237859 0.237859 0.049858
1000 19 A5_empirical_optimal 20 0 0.626364 0.883829 0.257464 0.257464 0.090421
1000 20 A5_empirical_optimal 20 0 0.788123 1.022416 0.234293 0.234293 0.077269
2000 1 A3_local 20 0 0.981617 1.398852 0.417234 0.417234 0.166106
2000 2 A3_local 20 0 1.315387 2.373756 1.058369 1.058369 0.526058
2000 3 A3_local 20 0 0.834986 1.370088 0.535103 0.535103 0.184313
2000 4 A3_local 20 0 1.329369 1.877090 0.547721 0.547721 0.240301
2000 5 A3_local 20 0 1.173789 1.483009 0.309220 0.309220 0.091990
2000 6 A3_local 20 0 0.859933 1.167542 0.307610 0.307610 0.163473
2000 7 A3_local 20 0 1.456614 2.081635 0.625021 0.625021 0.279689
2000 8 A3_local 20 0 1.288735 1.865215 0.576480 0.576480 0.207222
2000 9 A3_local 20 0 0.803225 1.196409 0.393184 0.393184 0.107669
2000 10 A3_local 20 0 1.245149 1.883933 0.638784 0.638784 0.212010
2000 11 A3_local 20 0 0.749634 0.971588 0.221954 0.221954 0.088334
2000 12 A3_local 20 0 0.890661 1.266808 0.376148 0.376148 0.088972
2000 13 A3_local 20 0 0.846449 1.443645 0.597196 0.597196 0.253023
2000 14 A3_local 20 0 1.057220 1.927396 0.870176 0.870176 0.261571
2000 15 A3_local 20 0 1.108700 1.772309 0.663609 0.663609 0.161054
2000 16 A3_local 20 0 1.359917 2.192327 0.832410 0.832410 0.177700
2000 17 A3_local 20 0 0.749903 1.437812 0.687909 0.687909 0.239238
2000 18 A3_local 20 0 1.076956 1.904816 0.827860 0.827860 0.370755
2000 19 A3_local 20 0 0.626364 1.022415 0.396051 0.396051 0.095345
2000 20 A3_local 20 0 0.788123 1.305258 0.517135 0.517135 0.175272
2000 1 A4_full 20 0 0.981617 0.934472 -0.047146 0.047146 0.120572
2000 2 A4_full 20 0 1.315387 1.185443 -0.129943 0.129943 0.162036
2000 3 A4_full 20 0 0.834986 0.804830 -0.030156 0.030156 0.098932
2000 4 A4_full 20 0 1.329369 1.201214 -0.128155 0.128155 0.174016
2000 5 A4_full 20 0 1.173789 1.102075 -0.071715 0.071715 0.126565
2000 6 A4_full 20 0 0.859933 0.901413 0.041480 0.041480 0.107113
2000 7 A4_full 20 0 1.456614 1.389977 -0.066636 0.066636 0.173595
2000 8 A4_full 20 0 1.288735 1.379050 0.090315 0.090315 0.138584
2000 9 A4_full 20 0 0.803225 0.946524 0.143299 0.143299 0.089543
2000 10 A4_full 20 0 1.245149 1.375279 0.130130 0.130130 0.098212
2000 11 A4_full 20 0 0.749634 0.797596 0.047962 0.047962 0.059821
2000 12 A4_full 20 0 0.890661 0.985605 0.094944 0.094944 0.095858
2000 13 A4_full 20 0 0.846449 1.207064 0.360615 0.360615 0.144450
2000 14 A4_full 20 0 1.057220 1.487959 0.430739 0.430739 0.127286
2000 15 A4_full 20 0 1.108700 1.513572 0.404872 0.404872 0.127426
2000 16 A4_full 20 0 1.359917 1.657502 0.297585 0.297585 0.161137
2000 17 A4_full 20 0 0.749903 1.056816 0.306913 0.306913 0.108337
2000 18 A4_full 20 0 1.076956 1.387990 0.311033 0.311033 0.089702
2000 19 A4_full 20 0 0.626364 0.858149 0.231784 0.231784 0.066170
2000 20 A4_full 20 0 0.788123 1.056013 0.267891 0.267891 0.099034
2000 1 A5_empirical_optimal 20 0 0.981617 0.934839 -0.046778 0.046778 0.121402
2000 2 A5_empirical_optimal 20 0 1.315387 1.180198 -0.135189 0.135189 0.148334
2000 3 A5_empirical_optimal 20 0 0.834986 0.789781 -0.045205 0.045205 0.112096
2000 4 A5_empirical_optimal 20 0 1.329369 1.202163 -0.127206 0.127206 0.164197
2000 5 A5_empirical_optimal 20 0 1.173789 1.021764 -0.152025 0.152025 0.132897
2000 6 A5_empirical_optimal 20 0 0.859933 0.955616 0.095683 0.095683 0.104653
2000 7 A5_empirical_optimal 20 0 1.456614 1.493547 0.036933 0.036933 0.294442
2000 8 A5_empirical_optimal 20 0 1.288735 1.328073 0.039338 0.039338 0.135352
2000 9 A5_empirical_optimal 20 0 0.803225 0.944504 0.141279 0.141279 0.108285
2000 10 A5_empirical_optimal 20 0 1.245149 1.425098 0.179949 0.179949 0.062415
2000 11 A5_empirical_optimal 20 0 0.749634 0.835255 0.085621 0.085621 0.045577
2000 12 A5_empirical_optimal 20 0 0.890661 1.011927 0.121266 0.121266 0.111343
2000 13 A5_empirical_optimal 20 0 0.846449 1.093698 0.247249 0.247249 0.080790
2000 14 A5_empirical_optimal 20 0 1.057220 1.372127 0.314907 0.314907 0.101818
2000 15 A5_empirical_optimal 20 0 1.108700 1.448237 0.339537 0.339537 0.106176
2000 16 A5_empirical_optimal 20 0 1.359917 1.591068 0.231151 0.231151 0.157480
2000 17 A5_empirical_optimal 20 0 0.749903 1.017404 0.267500 0.267500 0.097832
2000 18 A5_empirical_optimal 20 0 1.076956 1.261189 0.184232 0.184232 0.034734
2000 19 A5_empirical_optimal 20 0 0.626364 0.849887 0.223523 0.223523 0.088369
2000 20 A5_empirical_optimal 20 0 0.788123 1.051093 0.262971 0.262971 0.097313
4000 1 A3_local 20 0 0.981617 1.381448 0.399831 0.399831 0.167639
4000 2 A3_local 20 0 1.315387 2.244940 0.929554 0.929554 0.514556
4000 3 A3_local 20 0 0.834986 1.271093 0.436107 0.436107 0.188784
4000 4 A3_local 20 0 1.329369 1.800596 0.471227 0.471227 0.247238
4000 5 A3_local 20 0 1.173789 1.230084 0.056295 0.056295 0.082879
4000 6 A3_local 20 0 0.859933 1.001714 0.141782 0.141782 0.115032
4000 7 A3_local 20 0 1.456614 1.607748 0.151134 0.151134 0.194258
4000 8 A3_local 20 0 1.288735 1.776936 0.488202 0.488202 0.171182
4000 9 A3_local 20 0 0.803225 1.026688 0.223463 0.223463 0.082416
4000 10 A3_local 20 0 1.245149 1.828496 0.583347 0.583347 0.179985
4000 11 A3_local 20 0 0.749634 0.931852 0.182218 0.182218 0.060634
4000 12 A3_local 20 0 0.890661 1.103580 0.212919 0.212919 0.133786
4000 13 A3_local 20 0 0.846449 1.375755 0.529306 0.529306 0.267336
4000 14 A3_local 20 0 1.057220 1.755351 0.698131 0.698131 0.211983
4000 15 A3_local 20 0 1.108700 1.736002 0.627303 0.627303 0.173455
4000 16 A3_local 20 0 1.359917 2.126481 0.766564 0.766564 0.198533
4000 17 A3_local 20 0 0.749903 1.377282 0.627379 0.627379 0.224866
4000 18 A3_local 20 0 1.076956 1.825710 0.748753 0.748753 0.314520
4000 19 A3_local 20 0 0.626364 1.015460 0.389096 0.389096 0.146761
4000 20 A3_local 20 0 0.788123 1.301979 0.513857 0.513857 0.161422
4000 1 A4_full 20 0 0.981617 0.920778 -0.060839 0.060839 0.122117
4000 2 A4_full 20 0 1.315387 1.166651 -0.148736 0.148736 0.153295
4000 3 A4_full 20 0 0.834986 0.771034 -0.063951 0.063951 0.146819
4000 4 A4_full 20 0 1.329369 1.158482 -0.170887 0.170887 0.187343
4000 5 A4_full 20 0 1.173789 1.034304 -0.139485 0.139485 0.138961
4000 6 A4_full 20 0 0.859933 0.872369 0.012437 0.012437 0.123596
4000 7 A4_full 20 0 1.456614 1.427956 -0.028658 0.028658 0.201230
4000 8 A4_full 20 0 1.288735 1.268015 -0.020720 0.020720 0.142548
4000 9 A4_full 20 0 0.803225 0.908477 0.105252 0.105252 0.106747
4000 10 A4_full 20 0 1.245149 1.268732 0.023583 0.023583 0.103605
4000 11 A4_full 20 0 0.749634 0.750769 0.001135 0.001135 0.062044
4000 12 A4_full 20 0 0.890661 0.956982 0.066321 0.066321 0.088652
4000 13 A4_full 20 0 0.846449 1.006525 0.160076 0.160076 0.073846
4000 14 A4_full 20 0 1.057220 1.359302 0.302082 0.302082 0.129327
4000 15 A4_full 20 0 1.108700 1.280867 0.172167 0.172167 0.065477
4000 16 A4_full 20 0 1.359917 1.475263 0.115346 0.115346 0.218401
4000 17 A4_full 20 0 0.749903 1.003111 0.253208 0.253208 0.108364
4000 18 A4_full 20 0 1.076956 1.367867 0.290911 0.290911 0.134220
4000 19 A4_full 20 0 0.626364 0.837453 0.211089 0.211089 0.071350
4000 20 A4_full 20 0 0.788123 1.025473 0.237350 0.237350 0.079659
4000 1 A5_empirical_optimal 20 0 0.981617 0.931441 -0.050177 0.050177 0.122614
4000 2 A5_empirical_optimal 20 0 1.315387 1.177842 -0.137545 0.137545 0.143267
4000 3 A5_empirical_optimal 20 0 0.834986 0.768930 -0.066055 0.066055 0.117079
4000 4 A5_empirical_optimal 20 0 1.329369 1.143630 -0.185739 0.185739 0.161225
4000 5 A5_empirical_optimal 20 0 1.173789 1.022492 -0.151297 0.151297 0.134733
4000 6 A5_empirical_optimal 20 0 0.859933 0.884525 0.024593 0.024593 0.113242
4000 7 A5_empirical_optimal 20 0 1.456614 1.426254 -0.030359 0.030359 0.227786
4000 8 A5_empirical_optimal 20 0 1.288735 1.252433 -0.036302 0.036302 0.125538
4000 9 A5_empirical_optimal 20 0 0.803225 0.893931 0.090706 0.090706 0.086654
4000 10 A5_empirical_optimal 20 0 1.245149 1.295560 0.050411 0.050411 0.067285
4000 11 A5_empirical_optimal 20 0 0.749634 0.751458 0.001824 0.001824 0.050673
4000 12 A5_empirical_optimal 20 0 0.890661 0.923027 0.032366 0.032366 0.086883
4000 13 A5_empirical_optimal 20 0 0.846449 1.078507 0.232058 0.232058 0.118351
4000 14 A5_empirical_optimal 20 0 1.057220 1.320959 0.263739 0.263739 0.097138
4000 15 A5_empirical_optimal 20 0 1.108700 1.377906 0.269206 0.269206 0.103290
4000 16 A5_empirical_optimal 20 0 1.359917 1.516520 0.156603 0.156603 0.170674
4000 17 A5_empirical_optimal 20 0 0.749903 0.972160 0.222257 0.222257 0.073544
4000 18 A5_empirical_optimal 20 0 1.076956 1.283915 0.206959 0.206959 0.052235
4000 19 A5_empirical_optimal 20 0 0.626364 0.847421 0.221057 0.221057 0.087025
4000 20 A5_empirical_optimal 20 0 0.788123 1.010593 0.222471 0.222471 0.086571
