R=500  K=20  area_points=1600  ESS_threshold=0.75  M_prop=20  statistic=C_post=|D(X_s_k^+)|
N k algorithm success collapse mean_true_paired mean_PF bias abs_bias paired_MCSE
100 1 A3_local 296 204 6.987120 9.570150 2.583030 2.583030 0.405979
100 2 A3_local 296 204 10.065456 15.727577 5.662121 5.662121 0.501103
100 3 A3_local 296 204 11.610642 19.625927 8.015285 8.015285 0.545496
100 4 A3_local 296 204 13.405828 23.351674 9.945846 9.945846 0.645185
100 5 A3_local 296 204 14.893159 26.955845 12.062686 12.062686 0.682265
100 6 A3_local 296 204 16.286106 29.731300 13.445194 13.445194 0.715726
100 7 A3_local 296 204 17.695735 31.978101 14.282366 14.282366 0.722413
100 8 A3_local 296 204 18.997044 34.019687 15.022643 15.022643 0.693385
100 9 A3_local 296 204 19.774493 35.728802 15.954309 15.954309 0.698458
100 10 A3_local 296 204 20.322424 37.644123 17.321699 17.321699 0.705452
100 11 A3_local 296 204 21.497466 39.218855 17.721388 17.721388 0.732213
100 12 A3_local 296 204 22.312500 40.959721 18.647221 18.647221 0.706173
100 13 A3_local 296 204 23.140414 42.455025 19.314611 19.314611 0.738177
100 14 A3_local 296 204 23.866976 43.408406 19.541430 19.541430 0.754942
100 15 A3_local 296 204 24.688345 44.764053 20.075708 20.075708 0.751406
100 16 A3_local 296 204 25.425676 45.944683 20.519007 20.519007 0.758255
100 17 A3_local 296 204 26.216005 46.615953 20.399948 20.399948 0.758456
100 18 A3_local 296 204 26.432221 47.417591 20.985370 20.985370 0.772533
100 19 A3_local 296 204 27.123311 48.099150 20.975839 20.975839 0.755105
100 20 A3_local 296 204 27.536740 49.096875 21.560135 21.560135 0.745028
100 1 A4_full 212 288 7.275943 8.881347 1.605404 1.605404 0.480392
100 2 A4_full 212 288 9.892689 13.971564 4.078876 4.078876 0.534624
100 3 A4_full 212 288 11.280366 17.296995 6.016630 6.016630 0.563551
100 4 A4_full 212 288 13.026238 20.546251 7.520013 7.520013 0.614358
100 5 A4_full 212 288 14.447818 22.854964 8.407146 8.407146 0.649285
100 6 A4_full 212 288 15.621462 24.799477 9.178015 9.178015 0.668011
100 7 A4_full 212 288 16.748526 26.825786 10.077260 10.077260 0.685487
100 8 A4_full 212 288 18.010318 28.434248 10.423930 10.423930 0.666108
100 9 A4_full 212 288 18.807193 30.127127 11.319934 11.319934 0.670387
100 10 A4_full 212 288 19.305130 31.520468 12.215338 12.215338 0.655971
100 11 A4_full 212 288 20.301297 33.059123 12.757826 12.757826 0.699872
100 12 A4_full 212 288 20.844045 34.034097 13.190052 13.190052 0.690834
100 13 A4_full 212 288 22.112323 35.244762 13.132439 13.132439 0.692190
100 14 A4_full 212 288 23.035672 36.367639 13.331967 13.331967 0.683164
100 15 A4_full 212 288 23.649175 37.412902 13.763728 13.763728 0.706391
100 16 A4_full 212 288 24.434552 38.165328 13.730776 13.730776 0.746051
100 17 A4_full 212 288 25.024469 38.834663 13.810194 13.810194 0.739802
100 18 A4_full 212 288 25.281840 39.684759 14.402919 14.402919 0.723458
100 19 A4_full 212 288 26.136203 40.642924 14.506721 14.506721 0.744447
100 20 A4_full 212 288 26.443396 41.741466 15.298070 15.298070 0.716141
100 1 A5_empirical_optimal 473 27 7.678383 7.498447 -0.179935 0.179935 0.290538
100 2 A5_empirical_optimal 473 27 10.515856 10.982673 0.466817 0.466817 0.302143
100 3 A5_empirical_optimal 473 27 12.245772 13.789865 1.544094 1.544094 0.331780
100 4 A5_empirical_optimal 473 27 14.335624 16.444097 2.108473 2.108473 0.378559
100 5 A5_empirical_optimal 473 27 15.833377 18.362762 2.529384 2.529384 0.387081
100 6 A5_empirical_optimal 473 27 17.040962 20.177424 3.136462 3.136462 0.406738
100 7 A5_empirical_optimal 473 27 18.382532 22.157048 3.774516 3.774516 0.414936
100 8 A5_empirical_optimal 473 27 19.667019 23.914306 4.247287 4.247287 0.440901
100 9 A5_empirical_optimal 473 27 20.587474 25.545124 4.957650 4.957650 0.461512
100 10 A5_empirical_optimal 473 27 21.334699 27.114712 5.780014 5.780014 0.459621
100 11 A5_empirical_optimal 473 27 22.333774 28.452086 6.118312 6.118312 0.467498
100 12 A5_empirical_optimal 473 27 23.054308 29.727853 6.673546 6.673546 0.470348
100 13 A5_empirical_optimal 473 27 24.027748 31.017486 6.989738 6.989738 0.480246
100 14 A5_empirical_optimal 473 27 24.873547 32.160737 7.287190 7.287190 0.473077
100 15 A5_empirical_optimal 473 27 25.548626 33.148396 7.599770 7.599770 0.475870
100 16 A5_empirical_optimal 473 27 26.187104 34.185003 7.997899 7.997899 0.481858
100 17 A5_empirical_optimal 473 27 26.776295 35.300889 8.524594 8.524594 0.490363
100 18 A5_empirical_optimal 473 27 27.001057 36.207270 9.206212 9.206212 0.492512
100 19 A5_empirical_optimal 473 27 27.596855 37.070442 9.473587 9.473587 0.487358
100 20 A5_empirical_optimal 473 27 27.917283 37.738581 9.821298 9.821298 0.503570
250 1 A3_local 420 80 7.397470 8.371445 0.973974 0.973974 0.337559
250 2 A3_local 420 80 10.281101 13.137633 2.856531 2.856531 0.401021
250 3 A3_local 420 80 12.046131 16.876002 4.829871 4.829871 0.461531
250 4 A3_local 420 80 13.932143 20.173479 6.241336 6.241336 0.506791
250 5 A3_local 420 80 15.497024 23.247934 7.750910 7.750910 0.527387
250 6 A3_local 420 80 16.833929 25.564865 8.730936 8.730936 0.531580
250 7 A3_local 420 80 18.177232 27.854347 9.677115 9.677115 0.544645
250 8 A3_local 420 80 19.641518 29.945028 10.303511 10.303511 0.556850
250 9 A3_local 420 80 20.404018 31.732759 11.328742 11.328742 0.556943
250 10 A3_local 420 80 21.052232 33.040196 11.987964 11.987964 0.553738
250 11 A3_local 420 80 22.066964 34.709479 12.642515 12.642515 0.550538
250 12 A3_local 420 80 22.765625 36.339248 13.573623 13.573623 0.573631
250 13 A3_local 420 80 23.719940 37.854942 14.135001 14.135001 0.590000
250 14 A3_local 420 80 24.520833 39.184368 14.663535 14.663535 0.589040
250 15 A3_local 420 80 25.317113 40.558288 15.241175 15.241175 0.597249
250 16 A3_local 420 80 26.265327 41.633727 15.368399 15.368399 0.601033
250 17 A3_local 420 80 26.890774 42.615882 15.725108 15.725108 0.610153
250 18 A3_local 420 80 27.131994 43.367626 16.235632 16.235632 0.613258
250 19 A3_local 420 80 27.783929 43.944638 16.160710 16.160710 0.626044
250 20 A3_local 420 80 28.099851 44.697842 16.597991 16.597991 0.610837
250 1 A4_full 394 106 7.400698 7.700485 0.299787 0.299787 0.296814
250 2 A4_full 394 106 10.227633 11.802846 1.575212 1.575212 0.333749
250 3 A4_full 394 106 11.974143 15.110644 3.136500 3.136500 0.364285
250 4 A4_full 394 106 13.851840 18.017802 4.165961 4.165961 0.424825
250 5 A4_full 394 106 15.231758 20.152951 4.921194 4.921194 0.434052
250 6 A4_full 394 106 16.616434 22.274374 5.657940 5.657940 0.449348
250 7 A4_full 394 106 18.021098 24.091665 6.070568 6.070568 0.466823
250 8 A4_full 394 106 19.358027 25.897917 6.539890 6.539890 0.482784
250 9 A4_full 394 106 20.158312 27.518750 7.360438 7.360438 0.482673
250 10 A4_full 394 106 20.817735 29.401815 8.584080 8.584080 0.528185
250 11 A4_full 394 106 21.780298 30.592768 8.812470 8.812470 0.545552
250 12 A4_full 394 106 22.498572 31.664213 9.165641 9.165641 0.527618
250 13 A4_full 394 106 23.484296 32.784733 9.300438 9.300438 0.533914
250 14 A4_full 394 106 24.356758 33.986747 9.629989 9.629989 0.522554
250 15 A4_full 394 106 24.999207 35.049124 10.049917 10.049917 0.530373
250 16 A4_full 394 106 25.855647 36.356706 10.501059 10.501059 0.536958
250 17 A4_full 394 106 26.500635 37.309720 10.809086 10.809086 0.531347
250 18 A4_full 394 106 26.633725 38.201454 11.567730 11.567730 0.536946
250 19 A4_full 394 106 27.173541 38.799791 11.626251 11.626251 0.560248
250 20 A4_full 394 106 27.469067 39.672232 12.203165 12.203165 0.545238
250 1 A5_empirical_optimal 492 8 7.590193 7.397019 -0.193174 0.193174 0.281772
250 2 A5_empirical_optimal 492 8 10.525025 10.771644 0.246618 0.246618 0.284014
250 3 A5_empirical_optimal 492 8 12.352388 13.331598 0.979209 0.979209 0.313541
250 4 A5_empirical_optimal 492 8 14.351626 15.581864 1.230238 1.230238 0.363424
250 5 A5_empirical_optimal 492 8 15.898755 17.430561 1.531806 1.531806 0.379493
250 6 A5_empirical_optimal 492 8 17.086636 19.306025 2.219389 2.219389 0.376947
250 7 A5_empirical_optimal 492 8 18.505716 21.009934 2.504217 2.504217 0.382043
250 8 A5_empirical_optimal 492 8 19.811357 22.418783 2.607427 2.607427 0.403901
250 9 A5_empirical_optimal 492 8 20.716209 24.088948 3.372738 3.372738 0.409120
250 10 A5_empirical_optimal 492 8 21.366616 25.644735 4.278119 4.278119 0.396021
250 11 A5_empirical_optimal 492 8 22.314024 26.850398 4.536373 4.536373 0.415888
250 12 A5_empirical_optimal 492 8 23.095274 28.051836 4.956561 4.956561 0.422431
250 13 A5_empirical_optimal 492 8 24.051448 29.167162 5.115714 5.115714 0.459125
250 14 A5_empirical_optimal 492 8 24.901550 30.205268 5.303718 5.303718 0.452700
250 15 A5_empirical_optimal 492 8 25.566057 31.262579 5.696522 5.696522 0.456626
250 16 A5_empirical_optimal 492 8 26.377414 32.324590 5.947176 5.947176 0.468550
250 17 A5_empirical_optimal 492 8 26.949822 33.350742 6.400920 6.400920 0.451122
250 18 A5_empirical_optimal 492 8 27.113948 34.338377 7.224429 7.224429 0.464936
250 19 A5_empirical_optimal 492 8 27.658918 35.165745 7.506827 7.506827 0.464003
250 20 A5_empirical_optimal 492 8 28.041286 35.914856 7.873570 7.873570 0.449396
500 1 A3_local 472 28 7.424391 8.138974 0.714583 0.714583 0.325399
500 2 A3_local 472 28 10.329317 12.796504 2.467187 2.467187 0.357652
500 3 A3_local 472 28 12.235832 16.034105 3.798273 3.798273 0.422183
500 4 A3_local 472 28 14.305879 19.268271 4.962391 4.962391 0.488437
500 5 A3_local 472 28 15.925847 21.888392 5.962545 5.962545 0.510513
500 6 A3_local 472 28 17.178496 24.409720 7.231224 7.231224 0.523154
500 7 A3_local 472 28 18.476430 26.784080 8.307650 8.307650 0.535965
500 8 A3_local 472 28 19.826006 28.506673 8.680667 8.680667 0.546662
500 9 A3_local 472 28 20.699815 30.154894 9.455079 9.455079 0.555317
500 10 A3_local 472 28 21.384799 31.706285 10.321486 10.321486 0.541423
500 11 A3_local 472 28 22.307203 33.178843 10.871640 10.871640 0.549776
500 12 A3_local 472 28 23.024497 34.345622 11.321125 11.321125 0.563813
500 13 A3_local 472 28 23.951801 35.409452 11.457651 11.457651 0.574141
500 14 A3_local 472 28 24.728284 36.623289 11.895005 11.895005 0.559116
500 15 A3_local 472 28 25.436706 37.735405 12.298700 12.298700 0.564846
500 16 A3_local 472 28 26.250662 38.735969 12.485307 12.485307 0.577203
500 17 A3_local 472 28 26.798464 39.825146 13.026682 13.026682 0.592081
500 18 A3_local 472 28 26.991525 40.638119 13.646594 13.646594 0.587205
500 19 A3_local 472 28 27.641684 41.732567 14.090883 14.090883 0.592488
500 20 A3_local 472 28 27.972458 42.448134 14.475676 14.475676 0.582717
500 1 A4_full 452 48 7.473866 7.560148 0.086282 0.086282 0.270312
500 2 A4_full 452 48 10.324668 11.229990 0.905322 0.905322 0.293649
500 3 A4_full 452 48 12.160813 14.001491 1.840678 1.840678 0.333318
500 4 A4_full 452 48 14.113938 16.569118 2.455180 2.455180 0.380068
500 5 A4_full 452 48 15.747926 18.497517 2.749591 2.749591 0.405456
500 6 A4_full 452 48 17.035260 20.443165 3.407906 3.407906 0.415927
500 7 A4_full 452 48 18.314436 22.226259 3.911823 3.911823 0.410860
500 8 A4_full 452 48 19.483960 23.881060 4.397099 4.397099 0.416865
500 9 A4_full 452 48 20.370713 25.295443 4.924729 4.924729 0.414860
500 10 A4_full 452 48 21.094580 26.757703 5.663124 5.663124 0.435237
500 11 A4_full 452 48 22.050332 27.899749 5.849417 5.849417 0.449650
500 12 A4_full 452 48 22.715155 29.244760 6.529605 6.529605 0.455207
500 13 A4_full 452 48 23.651410 30.386494 6.735084 6.735084 0.461336
500 14 A4_full 452 48 24.421184 31.444029 7.022845 7.022845 0.447349
500 15 A4_full 452 48 25.058352 32.428720 7.370369 7.370369 0.442664
500 16 A4_full 452 48 25.864353 33.283326 7.418973 7.418973 0.459894
500 17 A4_full 452 48 26.471654 34.235776 7.764122 7.764122 0.464370
500 18 A4_full 452 48 26.671184 35.276336 8.605153 8.605153 0.480259
500 19 A4_full 452 48 27.292174 36.314399 9.022226 9.022226 0.473551
500 20 A4_full 452 48 27.562777 36.972966 9.410190 9.410190 0.474485
500 1 A5_empirical_optimal 498 2 7.586847 7.412350 -0.174497 0.174497 0.275723
500 2 A5_empirical_optimal 498 2 10.505522 10.623972 0.118450 0.118450 0.277228
500 3 A5_empirical_optimal 498 2 12.339106 12.927398 0.588292 0.588292 0.296441
500 4 A5_empirical_optimal 498 2 14.382656 15.187183 0.804527 0.804527 0.352952
500 5 A5_empirical_optimal 498 2 15.936621 16.936038 0.999417 0.999417 0.366858
500 6 A5_empirical_optimal 498 2 17.141692 18.638710 1.497018 1.497018 0.357168
500 7 A5_empirical_optimal 498 2 18.543926 20.348736 1.804811 1.804811 0.371054
500 8 A5_empirical_optimal 498 2 19.807605 21.688711 1.881106 1.881106 0.386746
500 9 A5_empirical_optimal 498 2 20.702686 23.138829 2.436144 2.436144 0.394895
500 10 A5_empirical_optimal 498 2 21.359814 24.321328 2.961514 2.961514 0.393193
500 11 A5_empirical_optimal 498 2 22.326682 25.307497 2.980815 2.980815 0.394015
500 12 A5_empirical_optimal 498 2 23.081827 26.422548 3.340721 3.340721 0.406189
500 13 A5_empirical_optimal 498 2 24.043926 27.409498 3.365572 3.365572 0.421577
500 14 A5_empirical_optimal 498 2 24.888429 28.523923 3.635494 3.635494 0.420148
500 15 A5_empirical_optimal 498 2 25.601908 29.703991 4.102083 4.102083 0.409130
500 16 A5_empirical_optimal 498 2 26.408886 30.843167 4.434281 4.434281 0.433793
500 17 A5_empirical_optimal 498 2 26.973143 31.699698 4.726556 4.726556 0.422781
500 18 A5_empirical_optimal 498 2 27.152861 32.413709 5.260848 5.260848 0.422193
500 19 A5_empirical_optimal 498 2 27.713479 33.189800 5.476321 5.476321 0.441618
500 20 A5_empirical_optimal 498 2 28.070532 33.861301 5.790769 5.790769 0.427208
1000 1 A3_local 489 11 7.575026 7.872576 0.297551 0.297551 0.330177
1000 2 A3_local 489 11 10.457694 11.982874 1.525180 1.525180 0.364521
1000 3 A3_local 489 11 12.277224 15.056003 2.778779 2.778779 0.397436
1000 4 A3_local 489 11 14.332822 17.848447 3.515625 3.515625 0.448024
1000 5 A3_local 489 11 15.842280 20.273194 4.430914 4.430914 0.479794
1000 6 A3_local 489 11 17.060327 22.692366 5.632038 5.632038 0.495412
1000 7 A3_local 489 11 18.466258 24.764168 6.297911 6.297911 0.496232
1000 8 A3_local 489 11 19.773006 26.520753 6.747747 6.747747 0.509823
1000 9 A3_local 489 11 20.643661 28.211953 7.568293 7.568293 0.509258
1000 10 A3_local 489 11 21.309305 29.560968 8.251663 8.251663 0.522324
1000 11 A3_local 489 11 22.263292 31.082265 8.818972 8.818972 0.519012
1000 12 A3_local 489 11 23.013931 32.393696 9.379765 9.379765 0.520876
1000 13 A3_local 489 11 23.952454 33.354927 9.402473 9.402473 0.537031
1000 14 A3_local 489 11 24.812883 34.468029 9.655146 9.655146 0.532827
1000 15 A3_local 489 11 25.507285 35.642274 10.134989 10.134989 0.536938
1000 16 A3_local 489 11 26.326559 36.525171 10.198612 10.198612 0.557486
1000 17 A3_local 489 11 26.888931 37.576113 10.687182 10.687182 0.544898
1000 18 A3_local 489 11 27.080521 38.438135 11.357613 11.357613 0.547608
1000 19 A3_local 489 11 27.655930 39.091029 11.435099 11.435099 0.560887
1000 20 A3_local 489 11 28.027096 39.974865 11.947769 11.947769 0.549323
1000 1 A4_full 489 11 7.625895 7.417262 -0.208633 0.208633 0.285313
1000 2 A4_full 489 11 10.554192 11.148680 0.594487 0.594487 0.313795
1000 3 A4_full 489 11 12.344070 13.899252 1.555182 1.555182 0.331036
1000 4 A4_full 489 11 14.315440 16.319288 2.003849 2.003849 0.391651
1000 5 A4_full 489 11 15.853272 18.030896 2.177624 2.177624 0.389713
1000 6 A4_full 489 11 17.051508 19.798189 2.746681 2.746681 0.388640
1000 7 A4_full 489 11 18.376789 21.427247 3.050457 3.050457 0.382858
1000 8 A4_full 489 11 19.699387 22.720689 3.021302 3.021302 0.397745
1000 9 A4_full 489 11 20.621421 24.127892 3.506471 3.506471 0.408083
1000 10 A4_full 489 11 21.276713 25.369493 4.092780 4.092780 0.415212
1000 11 A4_full 489 11 22.260353 26.540157 4.279804 4.279804 0.414114
1000 12 A4_full 489 11 23.017382 27.562853 4.545471 4.545471 0.397051
1000 13 A4_full 489 11 23.969197 28.322326 4.353129 4.353129 0.422626
1000 14 A4_full 489 11 24.757541 29.570495 4.812954 4.812954 0.414405
1000 15 A4_full 489 11 25.465619 30.546839 5.081220 5.081220 0.421308
1000 16 A4_full 489 11 26.278885 31.469207 5.190322 5.190322 0.426474
1000 17 A4_full 489 11 26.868098 32.449562 5.581464 5.581464 0.425236
1000 18 A4_full 489 11 27.033359 33.154028 6.120669 6.120669 0.441120
1000 19 A4_full 489 11 27.636503 33.985873 6.349370 6.349370 0.439819
1000 20 A4_full 489 11 27.975844 34.640933 6.665089 6.665089 0.447059
1000 1 A5_empirical_optimal 500 0 7.563125 7.411963 -0.151162 0.151162 0.274627
1000 2 A5_empirical_optimal 500 0 10.475375 10.663704 0.188329 0.188329 0.273581
1000 3 A5_empirical_optimal 500 0 12.311500 12.932975 0.621475 0.621475 0.300015
1000 4 A5_empirical_optimal 500 0 14.357875 15.039411 0.681536 0.681536 0.351363
1000 5 A5_empirical_optimal 500 0 15.900750 16.737613 0.836863 0.836863 0.360693
1000 6 A5_empirical_optimal 500 0 17.101750 18.264908 1.163158 1.163158 0.361873
1000 7 A5_empirical_optimal 500 0 18.496875 19.809660 1.312785 1.312785 0.368399
1000 8 A5_empirical_optimal 500 0 19.784125 21.107258 1.323133 1.323133 0.386239
1000 9 A5_empirical_optimal 500 0 20.678125 22.639562 1.961437 1.961437 0.385269
1000 10 A5_empirical_optimal 500 0 21.331000 23.743471 2.412471 2.412471 0.402811
1000 11 A5_empirical_optimal 500 0 22.292000 24.787825 2.495825 2.495825 0.405505
1000 12 A5_empirical_optimal 500 0 23.043625 25.655008 2.611383 2.611383 0.406671
1000 13 A5_empirical_optimal 500 0 24.003875 26.762268 2.758393 2.758393 0.424350
1000 14 A5_empirical_optimal 500 0 24.845750 27.748239 2.902489 2.902489 0.415778
1000 15 A5_empirical_optimal 500 0 25.560625 28.815335 3.254710 3.254710 0.408460
1000 16 A5_empirical_optimal 500 0 26.362875 29.662008 3.299133 3.299133 0.415349
1000 17 A5_empirical_optimal 500 0 26.928625 30.405624 3.476999 3.476999 0.410303
1000 18 A5_empirical_optimal 500 0 27.101375 31.216391 4.115016 4.115016 0.418076
1000 19 A5_empirical_optimal 500 0 27.658250 32.091296 4.433046 4.433046 0.413316
1000 20 A5_empirical_optimal 500 0 28.010875 32.828922 4.818047 4.818047 0.414252
2000 1 A3_local 499 1 7.572270 7.622809 0.050539 0.050539 0.328418
2000 2 A3_local 499 1 10.484970 11.757683 1.272713 1.272713 0.346755
2000 3 A3_local 499 1 12.324900 14.473184 2.148284 2.148284 0.377207
2000 4 A3_local 499 1 14.372871 17.023417 2.650546 2.650546 0.426419
2000 5 A3_local 499 1 15.917460 19.472633 3.555173 3.555173 0.442672
2000 6 A3_local 499 1 17.111473 21.481752 4.370279 4.370279 0.458857
2000 7 A3_local 499 1 18.493111 23.594358 5.101247 5.101247 0.472312
2000 8 A3_local 499 1 19.781939 25.141518 5.359579 5.359579 0.484358
2000 9 A3_local 499 1 20.678106 26.465859 5.787753 5.787753 0.491474
2000 10 A3_local 499 1 21.330160 27.802586 6.472425 6.472425 0.488362
2000 11 A3_local 499 1 22.296969 29.103107 6.806138 6.806138 0.495035
2000 12 A3_local 499 1 23.052104 30.361771 7.309666 7.309666 0.495701
2000 13 A3_local 499 1 24.013778 31.538273 7.524495 7.524495 0.513948
2000 14 A3_local 499 1 24.859093 32.447653 7.588560 7.588560 0.509968
2000 15 A3_local 499 1 25.580286 33.668902 8.088617 8.088617 0.519026
2000 16 A3_local 499 1 26.380887 34.873616 8.492729 8.492729 0.532068
2000 17 A3_local 499 1 26.958292 35.843902 8.885611 8.885611 0.525842
2000 18 A3_local 499 1 27.120240 36.508242 9.388002 9.388002 0.534312
2000 19 A3_local 499 1 27.675852 37.385328 9.709477 9.709477 0.550712
2000 20 A3_local 499 1 28.031062 38.102122 10.071060 10.071060 0.536716
2000 1 A4_full 499 1 7.570892 7.416851 -0.154041 0.154041 0.276412
2000 2 A4_full 499 1 10.477956 10.892462 0.414506 0.414506 0.276897
2000 3 A4_full 499 1 12.316759 13.266703 0.949945 0.949945 0.298711
2000 4 A4_full 499 1 14.366483 15.549423 1.182940 1.182940 0.345859
2000 5 A4_full 499 1 15.913577 17.395433 1.481855 1.481855 0.361072
2000 6 A4_full 499 1 17.113727 19.022438 1.908711 1.908711 0.351820
2000 7 A4_full 499 1 18.441884 20.603014 2.161131 2.161131 0.365311
2000 8 A4_full 499 1 19.731839 21.829938 2.098099 2.098099 0.387543
2000 9 A4_full 499 1 20.627380 23.376939 2.749559 2.749559 0.396575
2000 10 A4_full 499 1 21.281939 24.525966 3.244027 3.244027 0.395998
2000 11 A4_full 499 1 22.245867 25.402779 3.156912 3.156912 0.400288
2000 12 A4_full 499 1 22.998873 26.559401 3.560529 3.560529 0.400755
2000 13 A4_full 499 1 23.965431 27.437660 3.472229 3.472229 0.408968
2000 14 A4_full 499 1 24.810245 28.626110 3.815865 3.815865 0.406869
2000 15 A4_full 499 1 25.526804 29.623576 4.096772 4.096772 0.416017
2000 16 A4_full 499 1 26.330912 30.536857 4.205945 4.205945 0.420027
2000 17 A4_full 499 1 26.898547 31.269509 4.370962 4.370962 0.407933
2000 18 A4_full 499 1 27.072019 31.911336 4.839317 4.839317 0.419511
2000 19 A4_full 499 1 27.637901 32.704740 5.066839 5.066839 0.426545
2000 20 A4_full 499 1 27.992234 33.449095 5.456861 5.456861 0.419998
2000 1 A5_empirical_optimal 500 0 7.563125 7.394190 -0.168935 0.168935 0.274055
2000 2 A5_empirical_optimal 500 0 10.475375 10.647542 0.172167 0.172167 0.270394
2000 3 A5_empirical_optimal 500 0 12.311500 12.904475 0.592975 0.592975 0.289131
2000 4 A5_empirical_optimal 500 0 14.357875 14.888486 0.530611 0.530611 0.343486
2000 5 A5_empirical_optimal 500 0 15.900750 16.563311 0.662561 0.662561 0.351299
2000 6 A5_empirical_optimal 500 0 17.101750 18.093876 0.992126 0.992126 0.344613
2000 7 A5_empirical_optimal 500 0 18.496875 19.539118 1.042243 1.042243 0.348521
2000 8 A5_empirical_optimal 500 0 19.784125 20.888184 1.104059 1.104059 0.371789
2000 9 A5_empirical_optimal 500 0 20.678125 22.243090 1.564965 1.564965 0.371106
2000 10 A5_empirical_optimal 500 0 21.331000 23.481302 2.150302 2.150302 0.379307
2000 11 A5_empirical_optimal 500 0 22.292000 24.532453 2.240453 2.240453 0.380195
2000 12 A5_empirical_optimal 500 0 23.043625 25.351828 2.308203 2.308203 0.379595
2000 13 A5_empirical_optimal 500 0 24.003875 26.185339 2.181464 2.181464 0.380099
2000 14 A5_empirical_optimal 500 0 24.845750 27.291855 2.446105 2.446105 0.381853
2000 15 A5_empirical_optimal 500 0 25.560625 28.208385 2.647760 2.647760 0.394167
2000 16 A5_empirical_optimal 500 0 26.362875 29.155692 2.792817 2.792817 0.416652
2000 17 A5_empirical_optimal 500 0 26.928625 29.806912 2.878287 2.878287 0.396614
2000 18 A5_empirical_optimal 500 0 27.101375 30.415792 3.314417 3.314417 0.405095
2000 19 A5_empirical_optimal 500 0 27.658250 31.262468 3.604218 3.604218 0.402905
2000 20 A5_empirical_optimal 500 0 28.010875 31.949190 3.938315 3.938315 0.403336
4000 1 A3_local 500 0 7.563125 7.683155 0.120030 0.120030 0.325727
4000 2 A3_local 500 0 10.475375 11.419080 0.943705 0.943705 0.352782
4000 3 A3_local 500 0 12.311500 14.044745 1.733245 1.733245 0.381065
4000 4 A3_local 500 0 14.357875 16.744251 2.386376 2.386376 0.427042
4000 5 A3_local 500 0 15.900750 18.904312 3.003562 3.003562 0.451775
4000 6 A3_local 500 0 17.101750 20.770435 3.668685 3.668685 0.459219
4000 7 A3_local 500 0 18.496875 22.420024 3.923149 3.923149 0.477576
4000 8 A3_local 500 0 19.784125 24.109591 4.325466 4.325466 0.478726
4000 9 A3_local 500 0 20.678125 25.239536 4.561411 4.561411 0.487274
4000 10 A3_local 500 0 21.331000 26.380182 5.049182 5.049182 0.479047
4000 11 A3_local 500 0 22.292000 27.791480 5.499480 5.499480 0.492706
4000 12 A3_local 500 0 23.043625 28.927965 5.884340 5.884340 0.500927
4000 13 A3_local 500 0 24.003875 29.984943 5.981068 5.981068 0.498320
4000 14 A3_local 500 0 24.845750 30.978642 6.132892 6.132892 0.498222
4000 15 A3_local 500 0 25.560625 31.967732 6.407107 6.407107 0.504148
4000 16 A3_local 500 0 26.362875 33.034624 6.671749 6.671749 0.521213
4000 17 A3_local 500 0 26.928625 33.813658 6.885033 6.885033 0.522739
4000 18 A3_local 500 0 27.101375 34.672121 7.570746 7.570746 0.520672
4000 19 A3_local 500 0 27.658250 35.394642 7.736392 7.736392 0.533656
4000 20 A3_local 500 0 28.010875 36.254308 8.243433 8.243433 0.521886
4000 1 A4_full 499 1 7.575025 7.413357 -0.161668 0.161668 0.276322
4000 2 A4_full 499 1 10.475075 10.710825 0.235750 0.235750 0.281157
4000 3 A4_full 499 1 12.288201 13.211356 0.923155 0.923155 0.291247
4000 4 A4_full 499 1 14.340681 15.133230 0.792548 0.792548 0.340327
4000 5 A4_full 499 1 15.883768 16.693855 0.810088 0.810088 0.345111
4000 6 A4_full 499 1 17.089178 18.356515 1.267337 1.267337 0.345191
4000 7 A4_full 499 1 18.484594 19.824424 1.339830 1.339830 0.355229
4000 8 A4_full 499 1 19.775175 21.014035 1.238860 1.238860 0.374008
4000 9 A4_full 499 1 20.677730 22.202335 1.524604 1.524604 0.375252
4000 10 A4_full 499 1 21.321769 23.492427 2.170658 2.170658 0.385182
4000 11 A4_full 499 1 22.284945 24.526266 2.241322 2.241322 0.382455
4000 12 A4_full 499 1 23.039329 25.408140 2.368811 2.368811 0.379884
4000 13 A4_full 499 1 24.001754 26.236269 2.234516 2.234516 0.406440
4000 14 A4_full 499 1 24.846693 27.265731 2.419037 2.419037 0.408273
4000 15 A4_full 499 1 25.563878 28.113927 2.550050 2.550050 0.409715
4000 16 A4_full 499 1 26.362475 29.107195 2.744720 2.744720 0.431756
4000 17 A4_full 499 1 26.930486 29.871070 2.940584 2.940584 0.406395
4000 18 A4_full 499 1 27.100326 30.483862 3.383537 3.383537 0.420713
4000 19 A4_full 499 1 27.689003 31.104623 3.415620 3.415620 0.420178
4000 20 A4_full 499 1 28.020165 31.761155 3.740990 3.740990 0.427319
4000 1 A5_empirical_optimal 500 0 7.563125 7.395227 -0.167898 0.167898 0.274555
4000 2 A5_empirical_optimal 500 0 10.475375 10.564318 0.088943 0.088943 0.267671
4000 3 A5_empirical_optimal 500 0 12.311500 12.872778 0.561278 0.561278 0.283378
4000 4 A5_empirical_optimal 500 0 14.357875 14.847797 0.489922 0.489922 0.338103
4000 5 A5_empirical_optimal 500 0 15.900750 16.373914 0.473164 0.473164 0.345579
4000 6 A5_empirical_optimal 500 0 17.101750 17.862678 0.760928 0.760928 0.340582
4000 7 A5_empirical_optimal 500 0 18.496875 19.185963 0.689088 0.689088 0.346203
4000 8 A5_empirical_optimal 500 0 19.784125 20.324349 0.540224 0.540224 0.362570
4000 9 A5_empirical_optimal 500 0 20.678125 21.658244 0.980119 0.980119 0.365555
4000 10 A5_empirical_optimal 500 0 21.331000 22.685229 1.354229 1.354229 0.372941
4000 11 A5_empirical_optimal 500 0 22.292000 23.606235 1.314235 1.314235 0.371408
4000 12 A5_empirical_optimal 500 0 23.043625 24.492725 1.449100 1.449100 0.365269
4000 13 A5_empirical_optimal 500 0 24.003875 25.358527 1.354652 1.354652 0.392063
4000 14 A5_empirical_optimal 500 0 24.845750 26.260173 1.414423 1.414423 0.396199
4000 15 A5_empirical_optimal 500 0 25.560625 27.002011 1.441386 1.441386 0.391731
4000 16 A5_empirical_optimal 500 0 26.362875 28.067061 1.704186 1.704186 0.409033
4000 17 A5_empirical_optimal 500 0 26.928625 28.780057 1.851432 1.851432 0.396810
4000 18 A5_empirical_optimal 500 0 27.101375 29.716369 2.614994 2.614994 0.395621
4000 19 A5_empirical_optimal 500 0 27.658250 30.443463 2.785213 2.785213 0.399620
4000 20 A5_empirical_optimal 500 0 28.010875 30.886807 2.875932 2.875932 0.395591
